 &BCEXDATA                                                           
 EXBC=.TRUE.,TBEGP=00.,
 TBCEX=00.,01.,02.,03.,04.,05.,06.,-1.,-1.,-1.,-1.,-1.,-1.,
       -1.,-1.,-1.,-1.,-1.,-1.,-1.,-1.,-1.,-1.,-1.,-1.,-1.,
       -1.,-1.,-1.,-1.,-1.,-1.,-1.,-1.,-1.,-1.,-1.,-1.,-1.,
       -1.,-1.,-1.,-1.,-1.,-1.,-1.,-1.,-1.,-1.,-1.,
 TPH0DO=25.0,TLM0DO=35.0,
 NBCEX=1,
 IMI=55,-1,-1,-1,-1,-1,-1,-1,-1,
 JMI=85,-1,-1,-1,-1,-1,-1,-1,-1,
 LMI=50,-1,-1,-1,-1,-1,-1,-1,-1,
 TPH0DI=25.0,-99.,-99.,-99.,-99.,-99.,-99.,-99.,-99.,
 TLM0DI=35.0,-999.,-999.,-999.,-999.,-999.,-999.,-999.,-999.,
 NEST=.FALSE.
 &END                                                             
