 6.624478 6.608564 6.592650 6.642445 6.626531
 6.610617 6.594703 6.644499 6.628585 6.612671
 6.596756 6.646552 6.630638 0.000000 0.000000
 0.000000 0.000000 0.000000 0.000000 0.000000
 0.000000 0.000000 0.000000 0.000000 0.000000
 0.000000 0.000000 0.000000 0.000000 0.000000
 279.372656 279.133940 278.895230 279.642160 279.403450
 279.164731 278.926017 279.672950 279.434235 279.195521
 278.956807 279.703740 279.465026   0.000000   0.000000
   0.000000 0.00000000   0.000000   0.000000   0.000000
   0.000000 0.00000000   0.000000   0.000000   0.000000
   0.000000 0.00000000   0.000000   0.000000   0.000000
